-0.0110251	0
138.661	0.531594
0.818002	0.44696
0.0746353	0.27392
0.0686644	0.278776
0.659776	0.44919
1.71363	0.410537
5.18267	0.380411
3.68698	0.352954
2.45998	0.444449
556.433	0.688907
1.10759	0.541929
0.185095	0.322361
12.9567	0.572792
-0.00298541	0.103725
-0.196356	0.638788
0.0716498	0.254286
6.09024	0.337191
0.313468	0.355232
0	0.145957
1.81513	0.403919
0.0895623	0.425704
0.414972	0.379733
1.61511	0.426666
0.107475	0.432945
7.68743	0.556988
0.217935	0.559448
10.3056	0.379079
16.8079	0.524274
0.223906	0.392361
0.104489	0.290934
0.776207	0.288085
1.64042	0.557902
7.3859	0.445231
6.29324	0.401891
-0.0119416	0.265928
15.3271	0.621097
0.0806061	0.229938
0.125387	0.482428
0.170168	0.502055
0.853827	0.593033
0.065679	0.612552
1.87709	0.498947
0.158227	0.246395
6.50819	0.281434
8.40094	0.404743
-0.0985185	0.5
0.337351	0.494383
0.0268687	0.319339
0.119416	0.195709
3.70788	0.389961
3.6004	0.554642
-0.0179125	0.212803
1.45389	0.267667
1.17164	0.384997
9.79812	0.344715
1.59719	0.524383
0.0754217	0.688636
0.773221	0.463526
43.7064	0.593928
0.38231	0.546722
-0.10338	0.649137
2.23607	0.453626
-0.0806061	0.461538
-0.0567228	0.321995
0.18211	0.416095
1.1673	0.556778
9.08162	0.415982
2.79136	0.413518
0.00597082	0.410611
416.552	0.541098
2.23309	0.581117
9.71154	0.629223
0.510505	0.514779
0.492593	0.513733
0.116431	0.218408
0.594097	0.301949
139.58	0.668491
0.0895623	0.358252
366.65	0.677815
0.173154	0.477133
0.00895623	0.550468
10.6878	0.618293
3.79147	0.520216
16.5242	0.518314
3.30186	0.547694
2.03769	0.577934
0.302987	0.41358
3.66608	0.569822
3.96761	0.23107
1.34199	0.370925
0.0746353	0.301315
5.45733	0.766473
0.647834	0.307123
1.16256	0.767799
2.75029	0.224167
1.28373	0.641124
-0.00343283	0.72284
0.0597082	0.127778
0.234067	0.572155
0.519461	0.501565
0.423928	0.420417
0.444826	0.548483
0.131358	0.266863
0.83419	0.39043
0.573199	0.478189
0.295556	0.165449
97.596	0.4761
3.0481	0.551677
1.75841	0.391351
0.241818	0.560315
0.998953	0.764437
0.262611	0.773979
4.40348	0.328982
1.56436	0.524396
2.18723	0.140316
1.38224	0.364478
7.41733	0.337447
1.69049	0.532232
0.438855	0.666155
0.0955331	0.764155
-0.0119416	0.243974
0.0439313	0.576735
0.468709	0.613376
0.0238833	0.490723
0.0772386	0.70383
26.2268	0.580439
0.211964	0.677047
0	0.323347
0.341316	0.672063
0.417957	0.548981
0.244804	0.514863
0.0895623	0.328913
1.06579	0.507977
2.19726	0.469056
11.5177	0.411142
11.7745	0.582783
0.614995	0.27201
4.26978	0.452103
-0.0119416	0.617539
0.68963	0.229336
3.15558	0.245465
0.396492	0.698257
3.08393	0.594118
-0.00298541	0.63138
0.39706	0.487431
0.0504397	0.613996
0.0537374	0.475291
-0.00895623	0.440494
-0.0626936	0.415
0.68963	0.224355
0.313468	0.502589
0.922615	0.738013
0.0343283	0.555807
33.4396	0.390249
4.09598	0.610311
-0.0955331	0.571429
0.898609	0.187321
-0.0179125	0.259592
0.612009	0.300333
1.41546	0.235035
10.8579	0.464978
0.423928	0.460523
-0.00895623	0.443457
0.217935	0.268373
-0.0686644	0.450617
1.1464	0.548349
0.752323	0.521212
61.5711	0.387333
1.32254	0.351047
0.922492	0.544634
0.36422	0.392635
0.101504	0.303668
-0.0298541	0.322266
6.0156	0.329197
1.93455	0.314039
0.0716498	0.257959
0.0806061	0.059645
27.4628	0.634272
3.72878	0.395785
0.632907	0.431795
1.52256	0.463815
0.600067	0.539167
-0.0447812	0.645125
-0.0179125	0.168962
0.0388103	0.0392
4.58559	0.470066
1.05982	0.507259
0.0626936	0.0338882
0.0537374	0.234131
0.812032	0.396661
